INFO: 2023-11-12 21:27:20,267: Data
INFO: 2023-11-12 21:27:31,908: Data shape (110527, 14)
INFO: 2023-11-12 21:27:36,157: Percentage of women: 0.653882342398853
INFO: 2023-11-12 21:27:45,846: Percentage of men: 0.346117657601147
